1211121111111211121112121211111
2222111112121121112111111111112
1111121111111111121111112111121
1111112112111111212112111221212
1111111111112111111211111111111
1111111111121212111121111111221
1111211111112111111111111112111
1111111122111212111112211122121
1212111112211111111111111112211
1221111111111111111221121112211
1111211122211122111111111211112
1221111112111111111211111111111
1112121211112111121112111221112
1121111221112112121121111121211
1111111211121121121111121112112
1111121111112111111121111121211
1111211211121122222111122111111
1211111111111211111121111211112
2111111212221111121111211112111
1111211212121121111111111122111
1121121121211121111112111121221
1221111211111121112121121111111
1122212111211111111121212111212
2111122211111111121112111211121
1112212111111111111211122111111
1112111111111211111111111121111
1111112211121112211211111111111
1111111122112121222211121111121
1221111111112111111211211211121
1111111111211121111111111211111
2111111111121111111121121121211
1121111212121212112122111111111
2212121221111121121111112221111
2211112111211111211111111111111
1211211121112111122211111121111
2111121111112121121211111111222
1211112112111222111121112211111
1211112111112111112112211211111
2111121221112111211212212212111
1212121221112222211111111111112
1111112211211111221121112222111
2122112121111211221111111222112
1121111111221111211111111212211
2111112111111211111211112112111
1111111221112111112211111112112
1111111211121212111111111222221
2111111121221122111111112211111
2211211121111111122111121111111
1111111211122111111221112212211
1111112112211212111211121111221
1111212112111112122121111121211
2112121211111111211121111111221
2211111111111211211111111211111
1111221111211112121111111211111
1111221212111112121111121111121
1111111111212112211211211111112
2111121111111221112111211111211
1111111112211111212111121111112
1111111111211111111211211212111
1121111112111112111111211111121
1121112221122112111112211211221
1121211222111111111212111221212
2111111111211211111121112211111
1112111212112111221211122121121
2111112111112122111121211111121
2111122112211212112211112111112
1211111111112112111211211111112
2121111121122112211212111111111
1111211221112111112111112121212
1112121111211111111211121211111
1211111111111121111111212212111
1122111111121211121111111122112
1111111111111111112212111212112
1211111111121111111211111211111
1111221112211211111111112111111
1121221121111211211111111111121
1111222211121221111221211112122
2112111121111112211111111221111
1122211111111111221121111112111
2112111111121111111121111111211
1111121111211211221111121111111
1222122221211112111121121111111
1111111111111211111111111111121
1211111111112121111211212111111
1111111111111122111121121111221
1111111212112111111112111111122
2112111211212111111112112111121
1112111111111211121121111111111
1112111122111211211111111112111
1211111121111112211221112121111
1211111111121122211111111111111
1111111111111111121211111221111
1112111111111111211111111111111
2112111111111111111121111111211
1112111111121111112121211111111
2111112122111121111121111111121
1111112212111121111111121111211
1211212211122111111112121111121
1121112111121112112112211212112
2111111111111111112121111111221
1111111111211111111212111112112
2111122111121111111122112212111
2111211112111112111112111112111
2112111111111121111221111211112
1121211211211112121111211112112
2111121121111111211111111112111
1211121211121121112111111121111
2221111111121111112211211122111
1112111111111122111111111111112
1111111211111111221111112111112
1211111111112111211122111122212
1211121111211211111221112112211
1212121112211111111112211121112
1211111211121111111121111111122
2111111121111112212121121111211
2211212211111111211112112111111
1112111111111111111111111112111
1121111211221111111122121221211
1111111111111211111112111121212
1112111111111112211211111211111
1121111221111211111211111111111
1121111121111112112122212211112
1211111112111111111112111211112
2111111111111221112111211111211
2211121111121111111112211122111
1112111111111112111122111111111
2122112111111111122112111111211
1111111212111111122111111121111
1121111122112111211111112111111
1211111111211112211111111111211
2111111121112121222111211112111
1111111111221121121122111111112
2111121111211121111211112111111
1111111111121111211121112212111
1111111112121111121111111111111
1122221111111111122111111111121
1111121111111111111111111211111
2112211121111111121222121221111
1111221112122111111111111111121
1211111111222121111111111112121
1111111111111121221111111112111
2211111111111121211222111121112
2111112111111112222111121111221
1111221121112211221112211111211
2211211112122111112222111112122
2211211112122122121211111111211
1111211111111112211111211211211
1112111111121111111121111111112
2112212222221111111221111111121
2221112111222211111112111112111
2111111211211111211111121111121
1111111111111111112211121111111
1111212111121111112111211111221
1121121121121121111212111211112
1111112111122211111111111111111
2122111111211121111112111111111
2112121112211211111112112111211
1211112121111111121111111112111
2111111122112112111111111111111
1111111121122111121111121121111
1111211111122112111121112112111
2111112111221121112111111211111
1111121111121111111112211121121
1111111121112212111212111121122
1111211112111211111221121112111
2111121121111111112111111111222
1122211111221112121111221111112
2112121121111111211211112211111
2221112122112111111121111112111
1111121111122111111121112211211
1111112111111121212111111211211
1111111111111111122112122211111
1111111111211112111211111111112
1112121112121122111112121221121
1111111211211112111211111122211
1112211111111112112111112111121
1211221122211121111221111121111
1121211111111111111211112111211
1111122221111111212122111121111
2121211221221211212212111121121
1111111121111211111112211111111
1112111211112111222111112221111
1111121121111111111221211122122
1121212112111121112112211121112
1121111112112121111121111211112
1211111211111112111111111111211
2112211112111211112211112111111
2112111111111211121112221211211
1121212112121121111111221111111
1112211111111111111121121112121
1111111222212111112112112111111
1111112112111112112211112111111
1111211121111111112211111112121
2121211121111121112112121121111
1111111121121111111112112112211
1111111122212111111111111212111
2112111111121211211111112111212
1122111111111111112121111121112
1122111111111111111111111111111
1121111121111111211111122111111
2111211111122121111212121112212
2111212111111212112211111111121
1221121112121111121212111212112
1211211121211111111121111112111
1111111111121112111211121121211
1211111111211121111112211121222
2111111112112121121111111111122
1211121112222111111121111111111
1111112111111111111111211111111
1111121211111212111211111121111
1211111111211111111111211221211
1111211211111222111111121112111
2121111111112111221121212212111
1111111111111111221211112121112
1111111211111112111111211121111
2111121211111111111111212211222
1122122112111112111111111111211
2111121122111111112111121111111
1212111111112121111111111111111
1111112211211211111111112112121
1111122121121111221211111122111
1111111122212111111111111111121
2112221111121222121112121111111
1211212121211211212111112121111
2111121111121121111112211121122
1111111121112211212111112111121
1111111211211211211112111112211
1111211221121112111121111111112
2121111211212111212111211112111
1111121111112221111111211221212
1111111221111121111211111111212
1221221121122212111121211111211
1122121111111222111111111211111
1211121111112112111121111111111
1111121111111121111122111211111
1121111112121211212111122121112
2121112111111111112211111121111
1111111111111111122111112121221
2221121111211111111111111111121
2211212121112111122212121112212
2121211211112111111111111112111
1111121111211111121121221111111
2111211121122211111112111111121
1111121211111111211211121211111
1111121111111111212221111111211
1112122111112111122211111211111
2222111111112111121121212212111
2111111211122111112121122121212
1111122111121121111111112211111
1122111122111111111111111122112
2111112111221112212111112111211
1121121212111121211111112111111
2211111221111112111211111111121
2111111111121111111121211111121
1211211111112121111121111111111
1111111112121111111212112112112
2111111211112111121122112211122
1111121121112111111121111122111
1121221111111121222111211121112
1121121111111111121111111111211
1212121112122121111111111111121
1111211221111111211111211221121
1212212111122111111112111221221
1112121112111121111211111122222
1111121111122111111111112111111
2111111112122111111121211111112
2111211111112212111111121121211
2111221121111211111111111121211
1111111121211211121121112211221
2111211112111111111111211111111
2121212121111221111122111111111
1111112211111111121111111212112
1112121111211111111211111111111
1112121111111211111211111111111
2211112222111111221221121111111
2111111211121121211211111121121
2111111212111121111211211111111
1121222111211111211111111212111
1121111122111112221111211111211
2122121111122111121112221111111
2221211112221211221211111112212
2112112211121211111111112212211
1111111222212112111112211222111
2111211122112112211111112221111
2111121111111112211211111111121
1111121211111111112112111212112
1111111111211111122112112121111
1211121112111211111111222111122
2111121221111111111212111112121
2111122121221121111111212111112
1221122112121112121111111111121
1111221121112121221212111211111
1211121221111111121221121211112
1211111221111111112111112111111
1121111121211212211111111111112
2211112211121111221111111121111
1211112111111112121121121121221
1211111111211111111111121111111
1211221122112112112222111121111
1121222111121121221111112121112
1222112121112211112211112112212
1111221111111121111212121112211
1112112111121211112111212111112
1112211112211211112111111111211
1111121122122211211111222211111
1112112111111111211112121221121
1112112111111111111111211211112
1111111111121111121112222112212
1121111112111211112112111221211
1111121121111111111121111111212
2211112221112111111111211112111
1112112211111112121111122111121
2121112121111211111211122111112
1211122111121111121122111111121
1112111111112211111111112111112
2111221121211112221112112111111
1111111111112111111121111112121
1111112111121211121112112111111
1211211111121111211111112111122
1112111211111112221122211121111
1111111111111212111211222111112
1211111211111111211122111121121
1111121111111222222212121112111